5.500000000000000000e+02 2.999999999999999889e-01
5.510050251256280944e+02 2.999999999999999889e-01
5.520100502512563025e+02 2.999999999999999889e-01
5.530150753768843970e+02 2.999999999999999889e-01
5.540201005025126051e+02 2.999999999999999889e-01
5.550251256281406995e+02 2.999999999999999889e-01
5.560301507537687939e+02 2.999999999999999889e-01
5.570351758793970021e+02 2.999999999999999889e-01
5.580402010050250965e+02 2.999999999999999889e-01
5.590452261306533046e+02 2.999999999999999889e-01
5.600502512562813990e+02 2.999999999999999889e-01
5.610552763819094935e+02 2.999999999999999889e-01
5.620603015075377016e+02 2.999999999999999889e-01
5.630653266331657960e+02 2.999999999999999889e-01
5.640703517587940041e+02 2.999999999999999889e-01
5.650753768844220986e+02 2.999999999999999889e-01
5.660804020100501930e+02 2.999999999999999889e-01
5.670854271356784011e+02 2.999999999999999889e-01
5.680904522613064955e+02 2.999999999999999889e-01
5.690954773869347036e+02 2.999999999999999889e-01
5.701005025125627981e+02 2.999999999999999889e-01
5.711055276381910062e+02 2.999999999999999889e-01
5.721105527638191006e+02 2.999999999999999889e-01
5.731155778894471950e+02 2.999999999999999889e-01
5.741206030150754032e+02 2.999999999999999889e-01
5.751256281407034976e+02 2.999999999999999889e-01
5.761306532663317057e+02 2.999999999999999889e-01
5.771356783919598001e+02 2.999999999999999889e-01
5.781407035175878946e+02 2.999999999999999889e-01
5.791457286432161027e+02 2.999999999999999889e-01
5.801507537688441971e+02 2.999999999999999889e-01
5.811557788944724052e+02 2.999999999999999889e-01
5.821608040201004997e+02 2.999999999999999889e-01
5.831658291457285941e+02 2.999999999999999889e-01
5.841708542713568022e+02 2.999999999999999889e-01
5.851758793969848966e+02 2.999999999999999889e-01
5.861809045226131047e+02 2.999999999999999889e-01
5.871859296482411992e+02 2.999999999999999889e-01
5.881909547738692936e+02 2.999999999999999889e-01
5.891959798994975017e+02 2.999999999999999889e-01
5.902010050251255961e+02 2.999999999999999889e-01
5.912060301507538043e+02 2.999999999999999889e-01
5.922110552763818987e+02 2.999999999999999889e-01
5.932160804020099931e+02 2.999999999999999889e-01
5.942211055276382012e+02 2.999999999999999889e-01
5.952261306532662957e+02 2.999999999999999889e-01
5.962311557788945038e+02 2.999999999999999889e-01
5.972361809045225982e+02 2.999999999999999889e-01
5.982412060301508063e+02 2.999999999999999889e-01
5.992462311557789008e+02 2.999999999999999889e-01
6.002512562814069952e+02 2.999999999999999889e-01
6.012562814070352033e+02 2.999999999999999889e-01
6.022613065326632977e+02 2.999999999999999889e-01
6.032663316582913922e+02 2.999999999999999889e-01
6.042713567839196003e+02 2.999999999999999889e-01
6.052763819095476947e+02 2.999999999999999889e-01
6.062814070351759028e+02 2.999999999999999889e-01
6.072864321608039972e+02 2.999999999999999889e-01
6.082914572864322054e+02 2.999999999999999889e-01
6.092964824120602998e+02 2.999999999999999889e-01
6.103015075376883942e+02 2.999999999999999889e-01
6.113065326633166023e+02 2.999999999999999889e-01
6.123115577889446968e+02 2.999999999999999889e-01
6.133165829145729049e+02 2.999999999999999889e-01
6.143216080402009993e+02 2.999999999999999889e-01
6.153266331658290937e+02 2.999999999999999889e-01
6.163316582914573019e+02 2.999999999999999889e-01
6.173366834170853963e+02 2.999999999999999889e-01
6.183417085427136044e+02 2.999999999999999889e-01
6.193467336683416988e+02 2.999999999999999889e-01
6.203517587939697933e+02 2.999999999999999889e-01
6.213567839195980014e+02 2.999999999999999889e-01
6.223618090452260958e+02 2.999999999999999889e-01
6.233668341708543039e+02 2.999999999999999889e-01
6.243718592964823983e+02 2.999999999999999889e-01
6.253768844221106065e+02 2.999999999999999889e-01
6.263819095477387009e+02 2.999999999999999889e-01
6.273869346733667953e+02 2.999999999999999889e-01
6.283919597989950034e+02 2.999999999999999889e-01
6.293969849246230979e+02 2.999999999999999889e-01
6.304020100502511923e+02 2.999999999999999889e-01
6.314070351758794004e+02 2.999999999999999889e-01
6.324120603015074948e+02 2.999999999999999889e-01
6.334170854271357030e+02 2.999999999999999889e-01
6.344221105527637974e+02 2.999999999999999889e-01
6.354271356783920055e+02 2.999999999999999889e-01
6.364321608040200999e+02 2.999999999999999889e-01
6.374371859296481944e+02 2.999999999999999889e-01
6.384422110552764025e+02 2.999999999999999889e-01
6.394472361809044969e+02 2.999999999999999889e-01
6.404522613065325913e+02 2.999999999999999889e-01
6.414572864321607994e+02 2.999999999999999889e-01
6.424623115577888939e+02 2.999999999999999889e-01
6.434673366834171020e+02 2.999999999999999889e-01
6.444723618090451964e+02 2.999999999999999889e-01
6.454773869346734045e+02 2.999999999999999889e-01
6.464824120603014990e+02 2.999999999999999889e-01
6.474874371859295934e+02 2.999999999999999889e-01
6.484924623115578015e+02 2.999999999999999889e-01
6.494974874371858959e+02 2.999999999999999889e-01
6.505025125628141041e+02 2.999999999999999889e-01
6.515075376884421985e+02 2.999999999999999889e-01
6.525125628140704066e+02 2.999999999999999889e-01
6.535175879396985010e+02 2.999999999999999889e-01
6.545226130653265955e+02 2.999999999999999889e-01
6.555276381909548036e+02 2.999999999999999889e-01
6.565326633165828980e+02 2.999999999999999889e-01
6.575376884422109924e+02 2.999999999999999889e-01
6.585427135678392006e+02 2.999999999999999889e-01
6.595477386934672950e+02 2.999999999999999889e-01
6.605527638190955031e+02 2.999999999999999889e-01
6.615577889447235975e+02 2.999999999999999889e-01
6.625628140703518056e+02 2.999999999999999889e-01
6.635678391959799001e+02 2.999999999999999889e-01
6.645728643216079945e+02 2.999999999999999889e-01
6.655778894472362026e+02 2.999999999999999889e-01
6.665829145728642970e+02 2.999999999999999889e-01
6.675879396984923915e+02 2.999999999999999889e-01
6.685929648241205996e+02 2.999999999999999889e-01
6.695979899497486940e+02 2.999999999999999889e-01
6.706030150753769021e+02 2.999999999999999889e-01
6.716080402010049966e+02 2.999999999999999889e-01
6.726130653266332047e+02 2.999999999999999889e-01
6.736180904522612991e+02 2.999999999999999889e-01
6.746231155778893935e+02 2.999999999999999889e-01
6.756281407035176017e+02 2.999999999999999889e-01
6.766331658291456961e+02 2.999999999999999889e-01
6.776381909547739042e+02 2.999999999999999889e-01
6.786432160804019986e+02 2.999999999999999889e-01
6.796482412060302067e+02 2.999999999999999889e-01
6.806532663316583012e+02 2.999999999999999889e-01
6.816582914572863956e+02 2.999999999999999889e-01
6.826633165829146037e+02 2.999999999999999889e-01
6.836683417085426981e+02 2.999999999999999889e-01
6.846733668341707926e+02 2.999999999999999889e-01
6.856783919597990007e+02 2.999999999999999889e-01
6.866834170854270951e+02 2.999999999999999889e-01
6.876884422110553032e+02 2.999999999999999889e-01
6.886934673366833977e+02 2.999999999999999889e-01
6.896984924623116058e+02 2.999999999999999889e-01
6.907035175879397002e+02 2.999999999999999889e-01
6.917085427135677946e+02 2.999999999999999889e-01
6.927135678391960028e+02 2.999999999999999889e-01
6.937185929648240972e+02 2.999999999999999889e-01
6.947236180904521916e+02 2.999999999999999889e-01
6.957286432160803997e+02 2.999999999999999889e-01
6.967336683417084942e+02 2.999999999999999889e-01
6.977386934673367023e+02 2.999999999999999889e-01
6.987437185929647967e+02 2.999999999999999889e-01
6.997487437185930048e+02 2.999999999999999889e-01
7.007537688442210992e+02 2.999999999999999889e-01
7.017587939698491937e+02 2.999999999999999889e-01
7.027638190954774018e+02 2.999999999999999889e-01
7.037688442211054962e+02 2.999999999999999889e-01
7.047738693467335906e+02 2.999999999999999889e-01
7.057788944723617988e+02 2.999999999999999889e-01
7.067839195979900069e+02 2.999999999999999889e-01
7.077889447236181013e+02 2.999999999999999889e-01
7.087939698492461957e+02 2.999999999999999889e-01
7.097989949748744039e+02 2.999999999999999889e-01
7.108040201005024983e+02 2.999999999999999889e-01
7.118090452261305927e+02 2.999999999999999889e-01
7.128140703517588008e+02 2.999999999999999889e-01
7.138190954773868953e+02 2.999999999999999889e-01
7.148241206030149897e+02 2.999999999999999889e-01
7.158291457286431978e+02 2.999999999999999889e-01
7.168341708542714059e+02 2.999999999999999889e-01
7.178391959798995003e+02 2.999999999999999889e-01
7.188442211055275948e+02 2.999999999999999889e-01
7.198492462311558029e+02 2.999999999999999889e-01
7.208542713567838973e+02 2.999999999999999889e-01
7.218592964824119917e+02 2.999999999999999889e-01
7.228643216080401999e+02 2.999999999999999889e-01
7.238693467336682943e+02 2.999999999999999889e-01
7.248743718592965024e+02 2.999999999999999889e-01
7.258793969849245968e+02 2.999999999999999889e-01
7.268844221105528050e+02 2.999999999999999889e-01
7.278894472361808994e+02 2.999999999999999889e-01
7.288944723618089938e+02 2.999999999999999889e-01
7.298994974874372019e+02 2.999999999999999889e-01
7.309045226130652964e+02 2.999999999999999889e-01
7.319095477386933908e+02 2.999999999999999889e-01
7.329145728643215989e+02 2.999999999999999889e-01
7.339195979899496933e+02 2.999999999999999889e-01
7.349246231155779014e+02 2.999999999999999889e-01
7.359296482412059959e+02 2.999999999999999889e-01
7.369346733668342040e+02 2.999999999999999889e-01
7.379396984924622984e+02 2.999999999999999889e-01
7.389447236180903928e+02 2.999999999999999889e-01
7.399497487437186010e+02 2.999999999999999889e-01
7.409547738693466954e+02 2.999999999999999889e-01
7.419597989949747898e+02 2.999999999999999889e-01
7.429648241206029979e+02 2.999999999999999889e-01
7.439698492462312061e+02 2.999999999999999889e-01
7.449748743718593005e+02 2.999999999999999889e-01
7.459798994974873949e+02 2.999999999999999889e-01
7.469849246231156030e+02 2.999999999999999889e-01
7.479899497487436975e+02 2.999999999999999889e-01
7.489949748743717919e+02 2.999999999999999889e-01
7.500000000000000000e+02 2.999999999999999889e-01
7.490000000000000000e+02 3.003000000000000114e-01
7.500202020202019639e+02 2.999939393939394794e-01
7.510404040404040416e+02 2.996878787878788364e-01
7.520606060606060055e+02 2.993818181818182489e-01
7.530808080808080831e+02 2.990757575757576059e-01
7.541010101010100470e+02 2.987696969696970184e-01
7.551212121212121247e+02 2.984636363636363754e-01
7.561414141414140886e+02 2.981575757575758434e-01
7.571616161616161662e+02 2.978515151515152004e-01
7.581818181818181301e+02 2.975454545454546129e-01
7.592020202020202078e+02 2.972393939393939699e-01
7.602222222222221717e+02 2.969333333333333824e-01
7.612424242424242493e+02 2.966272727272727394e-01
7.622626262626262132e+02 2.963212121212122074e-01
7.632828282828282909e+02 2.960151515151515644e-01
7.643030303030302548e+02 2.957090909090909769e-01
7.653232323232323324e+02 2.954030303030303339e-01
7.663434343434342964e+02 2.950969696969697464e-01
7.673636363636363740e+02 2.947909090909091034e-01
7.683838383838383379e+02 2.944848484848485715e-01
7.694040404040404155e+02 2.941787878787879285e-01
7.704242424242423795e+02 2.938727272727273410e-01
7.714444444444444571e+02 2.935666666666666980e-01
7.724646464646464210e+02 2.932606060606061105e-01
7.734848484848484986e+02 2.929545454545454675e-01
7.745050505050504626e+02 2.926484848484849355e-01
7.755252525252525402e+02 2.923424242424242925e-01
7.765454545454545041e+02 2.920363636363637050e-01
7.775656565656565817e+02 2.917303030303030620e-01
7.785858585858585457e+02 2.914242424242424745e-01
7.796060606060606233e+02 2.911181818181818315e-01
7.806262626262625872e+02 2.908121212121212995e-01
7.816464646464646648e+02 2.905060606060606565e-01
7.826666666666666288e+02 2.902000000000000135e-01
7.836868686868687064e+02 2.898939393939394260e-01
7.847070707070706703e+02 2.895878787878788385e-01
7.857272727272727479e+02 2.892818181818181955e-01
7.867474747474747119e+02 2.889757575757576635e-01
7.877676767676767895e+02 2.886696969696970205e-01
7.887878787878787534e+02 2.883636363636363775e-01
7.898080808080808310e+02 2.880575757575757900e-01
7.908282828282827950e+02 2.877515151515152025e-01
7.918484848484848726e+02 2.874454545454545595e-01
7.928686868686868365e+02 2.871393939393940276e-01
7.938888888888889142e+02 2.868333333333333846e-01
7.949090909090908781e+02 2.865272727272727415e-01
7.959292929292929557e+02 2.862212121212121541e-01
7.969494949494949196e+02 2.859151515151515666e-01
7.979696969696969973e+02 2.856090909090909236e-01
7.989898989898989612e+02 2.853030303030303916e-01
8.000101010101010388e+02 2.849969696969697486e-01
8.010303030303030027e+02 2.846909090909091056e-01
8.020505050505050804e+02 2.843848484848485181e-01
8.030707070707070443e+02 2.840787878787879306e-01
8.040909090909091219e+02 2.837727272727272876e-01
8.051111111111110858e+02 2.834666666666667556e-01
8.061313131313131635e+02 2.831606060606061126e-01
8.071515151515151274e+02 2.828545454545454696e-01
8.081717171717172050e+02 2.825484848484848821e-01
8.091919191919191690e+02 2.822424242424242946e-01
8.102121212121212466e+02 2.819363636363636516e-01
8.112323232323232105e+02 2.816303030303031196e-01
8.122525252525252881e+02 2.813242424242424766e-01
8.132727272727272521e+02 2.810181818181818336e-01
8.142929292929293297e+02 2.807121212121212461e-01
8.153131313131312936e+02 2.804060606060606586e-01
8.163333333333333712e+02 2.801000000000000156e-01
8.173535353535353352e+02 2.797939393939394837e-01
8.183737373737374128e+02 2.794878787878788406e-01
8.193939393939393767e+02 2.791818181818181976e-01
8.204141414141414543e+02 2.788757575757576102e-01
8.214343434343434183e+02 2.785696969696970227e-01
8.224545454545454959e+02 2.782636363636363797e-01
8.234747474747474598e+02 2.779575757575757922e-01
8.244949494949495374e+02 2.776515151515152047e-01
8.255151515151515014e+02 2.773454545454545617e-01
8.265353535353535790e+02 2.770393939393939742e-01
8.275555555555555429e+02 2.767333333333333867e-01
8.285757575757575069e+02 2.764272727272727992e-01
8.295959595959595845e+02 2.761212121212121562e-01
8.306161616161616621e+02 2.758151515151515687e-01
8.316363636363636260e+02 2.755090909090909257e-01
8.326565656565655900e+02 2.752030303030303937e-01
8.336767676767676676e+02 2.748969696969697507e-01
8.346969696969697452e+02 2.745909090909091077e-01
8.357171717171717091e+02 2.742848484848485202e-01
8.367373737373736731e+02 2.739787878787879327e-01
8.377575757575757507e+02 2.736727272727273452e-01
8.387777777777778283e+02 2.733666666666667022e-01
8.397979797979797922e+02 2.730606060606061147e-01
8.408181818181817562e+02 2.727545454545455272e-01
8.418383838383838338e+02 2.724484848484848842e-01
8.428585858585859114e+02 2.721424242424242967e-01
8.438787878787878753e+02 2.718363636363637093e-01
8.448989898989898393e+02 2.715303030303030662e-01
8.459191919191919169e+02 2.712242424242424788e-01
8.469393939393939945e+02 2.709181818181818358e-01
8.479595959595959584e+02 2.706121212121212483e-01
8.489797979797979224e+02 2.703060606060606608e-01
8.500000000000000000e+02 2.700000000000000178e-01
8.510000000000000000e+02 2.673999999999998600e-01
8.520000000000000000e+02 2.658000000000000362e-01
8.530000000000000000e+02 2.641999999999999904e-01
8.540000000000000000e+02 2.625999999999999446e-01
8.550000000000000000e+02 2.609999999999998987e-01
8.560000000000000000e+02 2.593999999999998529e-01
8.570000000000000000e+02 2.578000000000000291e-01
8.580000000000000000e+02 2.561999999999999833e-01
8.590000000000000000e+02 2.545999999999999375e-01
8.600000000000000000e+02 2.529999999999998916e-01
8.610000000000000000e+02 2.513999999999998458e-01
8.620000000000000000e+02 2.498000000000000220e-01
8.630000000000000000e+02 2.481999999999999762e-01
8.640000000000000000e+02 2.465999999999999304e-01
8.650000000000000000e+02 2.449999999999998845e-01
8.660000000000000000e+02 2.433999999999998387e-01
8.670000000000000000e+02 2.418000000000000149e-01
8.680000000000000000e+02 2.401999999999999691e-01
8.690000000000000000e+02 2.385999999999999233e-01
8.700000000000000000e+02 2.369999999999998774e-01
8.710000000000000000e+02 2.353999999999998316e-01
8.720000000000000000e+02 2.338000000000000078e-01
8.730000000000000000e+02 2.321999999999999620e-01
8.740000000000000000e+02 2.305999999999999162e-01
8.750000000000000000e+02 2.289999999999998703e-01
8.760000000000000000e+02 2.274000000000000465e-01
8.770000000000000000e+02 2.258000000000000007e-01
8.780000000000000000e+02 2.241999999999999549e-01
8.790000000000000000e+02 2.225999999999999091e-01
8.800000000000000000e+02 2.209999999999998632e-01
8.810000000000000000e+02 2.194000000000000394e-01
8.820000000000000000e+02 2.177999999999999936e-01
8.830000000000000000e+02 2.161999999999999478e-01
8.840000000000000000e+02 2.145999999999999019e-01
8.850000000000000000e+02 2.129999999999998561e-01
8.860000000000000000e+02 2.114000000000000323e-01
8.870000000000000000e+02 2.097999999999999865e-01
8.880000000000000000e+02 2.081999999999999407e-01
8.890000000000000000e+02 2.065999999999998948e-01
8.900000000000000000e+02 2.049999999999998490e-01
8.910000000000000000e+02 2.034000000000000252e-01
8.920000000000000000e+02 2.017999999999999794e-01
8.930000000000000000e+02 2.001999999999999336e-01
8.940000000000000000e+02 1.985999999999998877e-01
8.950000000000000000e+02 1.969999999999998419e-01
8.960000000000000000e+02 1.954000000000000181e-01
8.970000000000000000e+02 1.937999999999999723e-01
8.980000000000000000e+02 1.921999999999999265e-01
8.990000000000000000e+02 1.905999999999998806e-01
9.000000000000000000e+02 1.889999999999998348e-01
