5.000000000000000000e+02 1.000000000000000000e+00
5.010050251256281513e+02 1.000000000000000000e+00
5.020100502512563025e+02 1.000000000000000000e+00
5.030150753768843970e+02 1.000000000000000000e+00
5.040201005025125482e+02 1.000000000000000000e+00
5.050251256281406995e+02 1.000000000000000000e+00
5.060301507537688508e+02 1.000000000000000000e+00
5.070351758793970021e+02 1.000000000000000000e+00
5.080402010050250965e+02 1.000000000000000000e+00
5.090452261306532478e+02 1.000000000000000000e+00
5.100502512562813990e+02 1.000000000000000000e+00
5.110552763819095503e+02 1.000000000000000000e+00
5.120603015075377016e+02 1.000000000000000000e+00
5.130653266331657960e+02 1.000000000000000000e+00
5.140703517587940041e+02 1.000000000000000000e+00
5.150753768844220986e+02 1.000000000000000000e+00
5.160804020100501930e+02 1.000000000000000000e+00
5.170854271356784011e+02 1.000000000000000000e+00
5.180904522613064955e+02 1.000000000000000000e+00
5.190954773869347036e+02 1.000000000000000000e+00
5.201005025125627981e+02 1.000000000000000000e+00
5.211055276381910062e+02 1.000000000000000000e+00
5.221105527638191006e+02 1.000000000000000000e+00
5.231155778894471950e+02 1.000000000000000000e+00
5.241206030150754032e+02 1.000000000000000000e+00
5.251256281407034976e+02 1.000000000000000000e+00
5.261306532663317057e+02 1.000000000000000000e+00
5.271356783919598001e+02 1.000000000000000000e+00
5.281407035175878946e+02 1.000000000000000000e+00
5.291457286432161027e+02 1.000000000000000000e+00
5.301507537688441971e+02 1.000000000000000000e+00
5.311557788944724052e+02 1.000000000000000000e+00
5.321608040201004997e+02 1.000000000000000000e+00
5.331658291457285941e+02 1.000000000000000000e+00
5.341708542713568022e+02 1.000000000000000000e+00
5.351758793969848966e+02 1.000000000000000000e+00
5.361809045226131047e+02 1.000000000000000000e+00
5.371859296482411992e+02 1.000000000000000000e+00
5.381909547738692936e+02 1.000000000000000000e+00
5.391959798994975017e+02 1.000000000000000000e+00
5.402010050251255961e+02 1.000000000000000000e+00
5.412060301507538043e+02 1.000000000000000000e+00
5.422110552763818987e+02 1.000000000000000000e+00
5.432160804020099931e+02 1.000000000000000000e+00
5.442211055276382012e+02 1.000000000000000000e+00
5.452261306532662957e+02 1.000000000000000000e+00
5.462311557788945038e+02 1.000000000000000000e+00
5.472361809045225982e+02 1.000000000000000000e+00
5.482412060301508063e+02 1.000000000000000000e+00
5.492462311557789008e+02 1.000000000000000000e+00
5.502512562814069952e+02 1.000000000000000000e+00
5.512562814070352033e+02 1.000000000000000000e+00
5.522613065326632977e+02 1.000000000000000000e+00
5.532663316582913922e+02 1.000000000000000000e+00
5.542713567839196003e+02 1.000000000000000000e+00
5.552763819095476947e+02 1.000000000000000000e+00
5.562814070351759028e+02 1.000000000000000000e+00
5.572864321608039972e+02 1.000000000000000000e+00
5.582914572864322054e+02 1.000000000000000000e+00
5.592964824120602998e+02 1.000000000000000000e+00
5.603015075376883942e+02 1.000000000000000000e+00
5.613065326633166023e+02 1.000000000000000000e+00
5.623115577889446968e+02 1.000000000000000000e+00
5.633165829145729049e+02 1.000000000000000000e+00
5.643216080402009993e+02 1.000000000000000000e+00
5.653266331658290937e+02 1.000000000000000000e+00
5.663316582914573019e+02 1.000000000000000000e+00
5.673366834170853963e+02 1.000000000000000000e+00
5.683417085427136044e+02 1.000000000000000000e+00
5.693467336683416988e+02 1.000000000000000000e+00
5.703517587939697933e+02 1.000000000000000000e+00
5.713567839195980014e+02 1.000000000000000000e+00
5.723618090452260958e+02 1.000000000000000000e+00
5.733668341708543039e+02 1.000000000000000000e+00
5.743718592964823983e+02 1.000000000000000000e+00
5.753768844221106065e+02 1.000000000000000000e+00
5.763819095477387009e+02 1.000000000000000000e+00
5.773869346733667953e+02 1.000000000000000000e+00
5.783919597989950034e+02 1.000000000000000000e+00
5.793969849246230979e+02 1.000000000000000000e+00
5.804020100502511923e+02 1.000000000000000000e+00
5.814070351758794004e+02 1.000000000000000000e+00
5.824120603015074948e+02 1.000000000000000000e+00
5.834170854271357030e+02 1.000000000000000000e+00
5.844221105527637974e+02 1.000000000000000000e+00
5.854271356783920055e+02 1.000000000000000000e+00
5.864321608040200999e+02 1.000000000000000000e+00
5.874371859296481944e+02 1.000000000000000000e+00
5.884422110552764025e+02 1.000000000000000000e+00
5.894472361809044969e+02 1.000000000000000000e+00
5.904522613065325913e+02 1.000000000000000000e+00
5.914572864321607994e+02 1.000000000000000000e+00
5.924623115577888939e+02 1.000000000000000000e+00
5.934673366834171020e+02 1.000000000000000000e+00
5.944723618090451964e+02 1.000000000000000000e+00
5.954773869346734045e+02 1.000000000000000000e+00
5.964824120603014990e+02 1.000000000000000000e+00
5.974874371859295934e+02 1.000000000000000000e+00
5.984924623115578015e+02 1.000000000000000000e+00
5.994974874371858959e+02 1.000000000000000000e+00
6.005025125628141041e+02 1.000000000000000000e+00
6.015075376884421985e+02 1.000000000000000000e+00
6.025125628140704066e+02 1.000000000000000000e+00
6.035175879396985010e+02 1.000000000000000000e+00
6.045226130653265955e+02 1.000000000000000000e+00
6.055276381909548036e+02 1.000000000000000000e+00
6.065326633165828980e+02 1.000000000000000000e+00
6.075376884422109924e+02 1.000000000000000000e+00
6.085427135678392006e+02 1.000000000000000000e+00
6.095477386934672950e+02 1.000000000000000000e+00
6.105527638190955031e+02 1.000000000000000000e+00
6.115577889447235975e+02 1.000000000000000000e+00
6.125628140703518056e+02 1.000000000000000000e+00
6.135678391959799001e+02 1.000000000000000000e+00
6.145728643216079945e+02 1.000000000000000000e+00
6.155778894472362026e+02 1.000000000000000000e+00
6.165829145728642970e+02 1.000000000000000000e+00
6.175879396984923915e+02 1.000000000000000000e+00
6.185929648241205996e+02 1.000000000000000000e+00
6.195979899497486940e+02 1.000000000000000000e+00
6.206030150753769021e+02 1.000000000000000000e+00
6.216080402010049966e+02 1.000000000000000000e+00
6.226130653266332047e+02 1.000000000000000000e+00
6.236180904522612991e+02 1.000000000000000000e+00
6.246231155778893935e+02 1.000000000000000000e+00
6.256281407035176017e+02 1.000000000000000000e+00
6.266331658291456961e+02 1.000000000000000000e+00
6.276381909547739042e+02 1.000000000000000000e+00
6.286432160804019986e+02 1.000000000000000000e+00
6.296482412060302067e+02 1.000000000000000000e+00
6.306532663316583012e+02 1.000000000000000000e+00
6.316582914572863956e+02 1.000000000000000000e+00
6.326633165829146037e+02 1.000000000000000000e+00
6.336683417085426981e+02 1.000000000000000000e+00
6.346733668341707926e+02 1.000000000000000000e+00
6.356783919597990007e+02 1.000000000000000000e+00
6.366834170854270951e+02 1.000000000000000000e+00
6.376884422110553032e+02 1.000000000000000000e+00
6.386934673366833977e+02 1.000000000000000000e+00
6.396984924623116058e+02 1.000000000000000000e+00
6.407035175879397002e+02 1.000000000000000000e+00
6.417085427135677946e+02 1.000000000000000000e+00
6.427135678391960028e+02 1.000000000000000000e+00
6.437185929648240972e+02 1.000000000000000000e+00
6.447236180904521916e+02 1.000000000000000000e+00
6.457286432160803997e+02 1.000000000000000000e+00
6.467336683417084942e+02 1.000000000000000000e+00
6.477386934673367023e+02 1.000000000000000000e+00
6.487437185929647967e+02 1.000000000000000000e+00
6.497487437185930048e+02 1.000000000000000000e+00
6.507537688442210992e+02 1.000000000000000000e+00
6.517587939698491937e+02 1.000000000000000000e+00
6.527638190954774018e+02 1.000000000000000000e+00
6.537688442211054962e+02 1.000000000000000000e+00
6.547738693467335906e+02 1.000000000000000000e+00
6.557788944723617988e+02 1.000000000000000000e+00
6.567839195979900069e+02 1.000000000000000000e+00
6.577889447236181013e+02 1.000000000000000000e+00
6.587939698492461957e+02 1.000000000000000000e+00
6.597989949748744039e+02 1.000000000000000000e+00
6.608040201005024983e+02 1.000000000000000000e+00
6.618090452261305927e+02 1.000000000000000000e+00
6.628140703517588008e+02 1.000000000000000000e+00
6.638190954773868953e+02 1.000000000000000000e+00
6.648241206030149897e+02 1.000000000000000000e+00
6.658291457286431978e+02 1.000000000000000000e+00
6.668341708542714059e+02 1.000000000000000000e+00
6.678391959798995003e+02 1.000000000000000000e+00
6.688442211055275948e+02 1.000000000000000000e+00
6.698492462311558029e+02 1.000000000000000000e+00
6.708542713567838973e+02 1.000000000000000000e+00
6.718592964824119917e+02 1.000000000000000000e+00
6.728643216080401999e+02 1.000000000000000000e+00
6.738693467336682943e+02 1.000000000000000000e+00
6.748743718592965024e+02 1.000000000000000000e+00
6.758793969849245968e+02 1.000000000000000000e+00
6.768844221105528050e+02 1.000000000000000000e+00
6.778894472361808994e+02 1.000000000000000000e+00
6.788944723618089938e+02 1.000000000000000000e+00
6.798994974874372019e+02 1.000000000000000000e+00
6.809045226130652964e+02 1.000000000000000000e+00
6.819095477386933908e+02 1.000000000000000000e+00
6.829145728643215989e+02 1.000000000000000000e+00
6.839195979899496933e+02 1.000000000000000000e+00
6.849246231155779014e+02 1.000000000000000000e+00
6.859296482412059959e+02 1.000000000000000000e+00
6.869346733668342040e+02 1.000000000000000000e+00
6.879396984924622984e+02 1.000000000000000000e+00
6.889447236180903928e+02 1.000000000000000000e+00
6.899497487437186010e+02 1.000000000000000000e+00
6.909547738693466954e+02 1.000000000000000000e+00
6.919597989949747898e+02 1.000000000000000000e+00
6.929648241206029979e+02 1.000000000000000000e+00
6.939698492462312061e+02 1.000000000000000000e+00
6.949748743718593005e+02 1.000000000000000000e+00
6.959798994974873949e+02 1.000000000000000000e+00
6.969849246231156030e+02 1.000000000000000000e+00
6.979899497487436975e+02 1.000000000000000000e+00
6.989949748743717919e+02 1.000000000000000000e+00
7.000000000000000000e+02 1.000000000000000000e+00
