1.000000000000000000e+02 1.000000000000000000e+00
1.020040080160320599e+02 1.000000000000000000e+00
1.040080160320641340e+02 1.000000000000000000e+00
1.060120240480961940e+02 1.000000000000000000e+00
1.080160320641282539e+02 1.000000000000000000e+00
1.100200400801603138e+02 1.000000000000000000e+00
1.120240480961923879e+02 1.000000000000000000e+00
1.140280561122244478e+02 1.000000000000000000e+00
1.160320641282565077e+02 1.000000000000000000e+00
1.180360721442885676e+02 1.000000000000000000e+00
1.200400801603206418e+02 1.000000000000000000e+00
1.220440881763527017e+02 1.000000000000000000e+00
1.240480961923847758e+02 1.000000000000000000e+00
1.260521042084168357e+02 1.000000000000000000e+00
1.280561122244488956e+02 1.000000000000000000e+00
1.300601202404809555e+02 1.000000000000000000e+00
1.320641282565130155e+02 1.000000000000000000e+00
1.340681362725450754e+02 1.000000000000000000e+00
1.360721442885771353e+02 1.000000000000000000e+00
1.380761523046092236e+02 1.000000000000000000e+00
1.400801603206412835e+02 1.000000000000000000e+00
1.420841683366733434e+02 1.000000000000000000e+00
1.440881763527054034e+02 1.000000000000000000e+00
1.460921843687374633e+02 1.000000000000000000e+00
1.480961923847695516e+02 1.000000000000000000e+00
1.501002004008016115e+02 1.000000000000000000e+00
1.521042084168336714e+02 1.000000000000000000e+00
1.541082164328657313e+02 1.000000000000000000e+00
1.561122244488977913e+02 1.000000000000000000e+00
1.581162324649298512e+02 1.000000000000000000e+00
1.601202404809619111e+02 1.000000000000000000e+00
1.621242484969939710e+02 1.000000000000000000e+00
1.641282565130260309e+02 1.000000000000000000e+00
1.661322645290580908e+02 1.000000000000000000e+00
1.681362725450901792e+02 1.000000000000000000e+00
1.701402805611222391e+02 1.000000000000000000e+00
1.721442885771542990e+02 1.000000000000000000e+00
1.741482965931863589e+02 1.000000000000000000e+00
1.761523046092184472e+02 1.000000000000000000e+00
1.781563126252505072e+02 1.000000000000000000e+00
1.801603206412825671e+02 1.000000000000000000e+00
1.821643286573146270e+02 1.000000000000000000e+00
1.841683366733466869e+02 1.000000000000000000e+00
1.861723446893787468e+02 1.000000000000000000e+00
1.881763527054108067e+02 1.000000000000000000e+00
1.901803607214428666e+02 1.000000000000000000e+00
1.921843687374749265e+02 1.000000000000000000e+00
1.941883767535069865e+02 1.000000000000000000e+00
1.961923847695390748e+02 1.000000000000000000e+00
1.981963927855711347e+02 1.000000000000000000e+00
2.002004008016031946e+02 1.000000000000000000e+00
2.022044088176352545e+02 1.000000000000000000e+00
2.042084168336673429e+02 1.000000000000000000e+00
2.062124248496994028e+02 1.000000000000000000e+00
2.082164328657314627e+02 1.000000000000000000e+00
2.102204408817635226e+02 1.000000000000000000e+00
2.122244488977955825e+02 1.000000000000000000e+00
2.142284569138276424e+02 1.000000000000000000e+00
2.162324649298597024e+02 1.000000000000000000e+00
2.182364729458917623e+02 1.000000000000000000e+00
2.202404809619238222e+02 1.000000000000000000e+00
2.222444889779558821e+02 1.000000000000000000e+00
2.242484969939879420e+02 1.000000000000000000e+00
2.262525050100200303e+02 1.000000000000000000e+00
2.282565130260520903e+02 1.000000000000000000e+00
2.302605210420841502e+02 1.000000000000000000e+00
2.322645290581162101e+02 1.000000000000000000e+00
2.342685370741482700e+02 1.000000000000000000e+00
2.362725450901803583e+02 1.000000000000000000e+00
2.382765531062124182e+02 1.000000000000000000e+00
2.402805611222444782e+02 1.000000000000000000e+00
2.422845691382765381e+02 1.000000000000000000e+00
2.442885771543085980e+02 1.000000000000000000e+00
2.462925851703406579e+02 1.000000000000000000e+00
2.482965931863727178e+02 1.000000000000000000e+00
2.503006012024048061e+02 1.000000000000000000e+00
2.523046092184368661e+02 1.000000000000000000e+00
2.543086172344689260e+02 1.000000000000000000e+00
2.563126252505010143e+02 1.000000000000000000e+00
2.583166332665330174e+02 1.000000000000000000e+00
2.603206412825651341e+02 1.000000000000000000e+00
2.623246492985971372e+02 1.000000000000000000e+00
2.643286573146292540e+02 1.000000000000000000e+00
2.663326653306613139e+02 1.000000000000000000e+00
2.683366733466933738e+02 1.000000000000000000e+00
2.703406813627254337e+02 1.000000000000000000e+00
2.723446893787574936e+02 1.000000000000000000e+00
2.743486973947895535e+02 1.000000000000000000e+00
2.763527054108216134e+02 1.000000000000000000e+00
2.783567134268537302e+02 1.000000000000000000e+00
2.803607214428857333e+02 1.000000000000000000e+00
2.823647294589178500e+02 1.000000000000000000e+00
2.843687374749498531e+02 1.000000000000000000e+00
2.863727454909819699e+02 1.000000000000000000e+00
2.883767535070139729e+02 1.000000000000000000e+00
2.903807615230460897e+02 1.000000000000000000e+00
2.923847695390781496e+02 1.000000000000000000e+00
2.943887775551102095e+02 1.000000000000000000e+00
2.963927855711422694e+02 1.000000000000000000e+00
2.983967935871743293e+02 1.000000000000000000e+00
3.004008016032063892e+02 1.000000000000000000e+00
3.024048096192384492e+02 1.000000000000000000e+00
3.044088176352705091e+02 1.000000000000000000e+00
3.064128256513025690e+02 1.000000000000000000e+00
3.084168336673346857e+02 1.000000000000000000e+00
3.104208416833666888e+02 1.000000000000000000e+00
3.124248496993988056e+02 1.000000000000000000e+00
3.144288577154308086e+02 1.000000000000000000e+00
3.164328657314629254e+02 1.000000000000000000e+00
3.184368737474949285e+02 1.000000000000000000e+00
3.204408817635270452e+02 1.000000000000000000e+00
3.224448897795591051e+02 1.000000000000000000e+00
3.244488977955911650e+02 1.000000000000000000e+00
3.264529058116232250e+02 1.000000000000000000e+00
3.284569138276552849e+02 1.000000000000000000e+00
3.304609218436873448e+02 1.000000000000000000e+00
3.324649298597194047e+02 1.000000000000000000e+00
3.344689378757514646e+02 1.000000000000000000e+00
3.364729458917835245e+02 1.000000000000000000e+00
3.384769539078156413e+02 1.000000000000000000e+00
3.404809619238476444e+02 1.000000000000000000e+00
3.424849699398797611e+02 1.000000000000000000e+00
3.444889779559117642e+02 1.000000000000000000e+00
3.464929859719438809e+02 1.000000000000000000e+00
3.484969939879758840e+02 1.000000000000000000e+00
3.505010020040080008e+02 1.000000000000000000e+00
3.525050100200400607e+02 1.000000000000000000e+00
3.545090180360721206e+02 1.000000000000000000e+00
3.565130260521041805e+02 1.000000000000000000e+00
3.585170340681362404e+02 1.000000000000000000e+00
3.605210420841683003e+02 1.000000000000000000e+00
3.625250501002003602e+02 1.000000000000000000e+00
3.645290581162324202e+02 1.000000000000000000e+00
3.665330661322644801e+02 1.000000000000000000e+00
3.685370741482965400e+02 1.000000000000000000e+00
3.705410821643285999e+02 1.000000000000000000e+00
3.725450901803607167e+02 1.000000000000000000e+00
3.745490981963927766e+02 1.000000000000000000e+00
3.765531062124248365e+02 1.000000000000000000e+00
3.785571142284568964e+02 1.000000000000000000e+00
3.805611222444889563e+02 1.000000000000000000e+00
3.825651302605210162e+02 1.000000000000000000e+00
3.845691382765530761e+02 1.000000000000000000e+00
3.865731462925851361e+02 1.000000000000000000e+00
3.885771543086171960e+02 1.000000000000000000e+00
3.905811623246492559e+02 1.000000000000000000e+00
3.925851703406813158e+02 1.000000000000000000e+00
3.945891783567133757e+02 1.000000000000000000e+00
3.965931863727454356e+02 1.000000000000000000e+00
3.985971943887774955e+02 1.000000000000000000e+00
4.006012024048096123e+02 1.000000000000000000e+00
4.026052104208416722e+02 1.000000000000000000e+00
4.046092184368737321e+02 1.000000000000000000e+00
4.066132264529057920e+02 1.000000000000000000e+00
4.086172344689378519e+02 1.000000000000000000e+00
4.106212424849699119e+02 1.000000000000000000e+00
4.126252505010019718e+02 1.000000000000000000e+00
4.146292585170340317e+02 1.000000000000000000e+00
4.166332665330660916e+02 1.000000000000000000e+00
4.186372745490981515e+02 1.000000000000000000e+00
4.206412825651302114e+02 1.000000000000000000e+00
4.226452905811622713e+02 1.000000000000000000e+00
4.246492985971943313e+02 1.000000000000000000e+00
4.266533066132263912e+02 1.000000000000000000e+00
4.286573146292585079e+02 1.000000000000000000e+00
4.306613226452905678e+02 1.000000000000000000e+00
4.326653306613226277e+02 1.000000000000000000e+00
4.346693386773546877e+02 1.000000000000000000e+00
4.366733466933867476e+02 1.000000000000000000e+00
4.386773547094188075e+02 1.000000000000000000e+00
4.406813627254508674e+02 1.000000000000000000e+00
4.426853707414829273e+02 1.000000000000000000e+00
4.446893787575149872e+02 1.000000000000000000e+00
4.466933867735470471e+02 1.000000000000000000e+00
4.486973947895791071e+02 1.000000000000000000e+00
4.507014028056111670e+02 1.000000000000000000e+00
4.527054108216432269e+02 1.000000000000000000e+00
4.547094188376752868e+02 1.000000000000000000e+00
4.567134268537074036e+02 1.000000000000000000e+00
4.587174348697394635e+02 1.000000000000000000e+00
4.607214428857715234e+02 1.000000000000000000e+00
4.627254509018035833e+02 1.000000000000000000e+00
4.647294589178356432e+02 1.000000000000000000e+00
4.667334669338677031e+02 1.000000000000000000e+00
4.687374749498997630e+02 1.000000000000000000e+00
4.707414829659318229e+02 1.000000000000000000e+00
4.727454909819638829e+02 1.000000000000000000e+00
4.747494989979959428e+02 1.000000000000000000e+00
4.767535070140280027e+02 1.000000000000000000e+00
4.787575150300600626e+02 1.000000000000000000e+00
4.807615230460921225e+02 1.000000000000000000e+00
4.827655310621241824e+02 1.000000000000000000e+00
4.847695390781562992e+02 1.000000000000000000e+00
4.867735470941883591e+02 1.000000000000000000e+00
4.887775551102204190e+02 1.000000000000000000e+00
4.907815631262524789e+02 1.000000000000000000e+00
4.927855711422845388e+02 1.000000000000000000e+00
4.947895791583165988e+02 1.000000000000000000e+00
4.967935871743486587e+02 1.000000000000000000e+00
4.987975951903807186e+02 1.000000000000000000e+00
5.008016032064127785e+02 1.000000000000000000e+00
5.028056112224448384e+02 1.000000000000000000e+00
5.048096192384768983e+02 1.000000000000000000e+00
5.068136272545089582e+02 1.000000000000000000e+00
5.088176352705410181e+02 1.000000000000000000e+00
5.108216432865730781e+02 1.000000000000000000e+00
5.128256513026051380e+02 1.000000000000000000e+00
5.148296593186372547e+02 1.000000000000000000e+00
5.168336673346693715e+02 1.000000000000000000e+00
5.188376753507013746e+02 1.000000000000000000e+00
5.208416833667333776e+02 1.000000000000000000e+00
5.228456913827654944e+02 1.000000000000000000e+00
5.248496993987976111e+02 1.000000000000000000e+00
5.268537074148296142e+02 1.000000000000000000e+00
5.288577154308616173e+02 1.000000000000000000e+00
5.308617234468937340e+02 1.000000000000000000e+00
5.328657314629258508e+02 1.000000000000000000e+00
5.348697394789578539e+02 1.000000000000000000e+00
5.368737474949898569e+02 1.000000000000000000e+00
5.388777555110219737e+02 1.000000000000000000e+00
5.408817635270540904e+02 1.000000000000000000e+00
5.428857715430860935e+02 1.000000000000000000e+00
5.448897795591182103e+02 1.000000000000000000e+00
5.468937875751503270e+02 1.000000000000000000e+00
5.488977955911823301e+02 1.000000000000000000e+00
5.509018036072143332e+02 1.000000000000000000e+00
5.529058116232464499e+02 1.000000000000000000e+00
5.549098196392785667e+02 1.000000000000000000e+00
5.569138276553105698e+02 1.000000000000000000e+00
5.589178356713425728e+02 1.000000000000000000e+00
5.609218436873746896e+02 1.000000000000000000e+00
5.629258517034068063e+02 1.000000000000000000e+00
5.649298597194388094e+02 1.000000000000000000e+00
5.669338677354708125e+02 1.000000000000000000e+00
5.689378757515029292e+02 1.000000000000000000e+00
5.709418837675350460e+02 1.000000000000000000e+00
5.729458917835670491e+02 1.000000000000000000e+00
5.749498997995991658e+02 1.000000000000000000e+00
5.769539078156312826e+02 1.000000000000000000e+00
5.789579158316632856e+02 1.000000000000000000e+00
5.809619238476952887e+02 1.000000000000000000e+00
5.829659318637274055e+02 1.000000000000000000e+00
5.849699398797595222e+02 1.000000000000000000e+00
5.869739478957915253e+02 1.000000000000000000e+00
5.889779559118235284e+02 1.000000000000000000e+00
5.909819639278556451e+02 1.000000000000000000e+00
5.929859719438877619e+02 1.000000000000000000e+00
5.949899799599197650e+02 1.000000000000000000e+00
5.969939879759517680e+02 1.000000000000000000e+00
5.989979959919839985e+02 1.000000000000000000e+00
6.010020040080160015e+02 1.000000000000000000e+00
6.030060120240480046e+02 1.000000000000000000e+00
6.050100200400801214e+02 1.000000000000000000e+00
6.070140280561122381e+02 1.000000000000000000e+00
6.090180360721442412e+02 1.000000000000000000e+00
6.110220440881762443e+02 1.000000000000000000e+00
6.130260521042083610e+02 1.000000000000000000e+00
6.150300601202404778e+02 1.000000000000000000e+00
6.170340681362724808e+02 1.000000000000000000e+00
6.190380761523045976e+02 1.000000000000000000e+00
6.210420841683366007e+02 1.000000000000000000e+00
6.230460921843687174e+02 1.000000000000000000e+00
6.250501002004007205e+02 1.000000000000000000e+00
6.270541082164328373e+02 1.000000000000000000e+00
6.290581162324648403e+02 1.000000000000000000e+00
6.310621242484969571e+02 1.000000000000000000e+00
6.330661322645289601e+02 1.000000000000000000e+00
6.350701402805610769e+02 1.000000000000000000e+00
6.370741482965930800e+02 1.000000000000000000e+00
6.390781563126251967e+02 1.000000000000000000e+00
6.410821643286571998e+02 1.000000000000000000e+00
6.430861723446893166e+02 1.000000000000000000e+00
6.450901803607214333e+02 1.000000000000000000e+00
6.470941883767534364e+02 1.000000000000000000e+00
6.490981963927855531e+02 1.000000000000000000e+00
6.511022044088175562e+02 1.000000000000000000e+00
6.531062124248496730e+02 1.000000000000000000e+00
6.551102204408816760e+02 1.000000000000000000e+00
6.571142284569137928e+02 1.000000000000000000e+00
6.591182364729457959e+02 1.000000000000000000e+00
6.611222444889779126e+02 1.000000000000000000e+00
6.631262525050099157e+02 1.000000000000000000e+00
6.651302605210420325e+02 1.000000000000000000e+00
6.671342685370740355e+02 1.000000000000000000e+00
6.691382765531061523e+02 1.000000000000000000e+00
6.711422845691382690e+02 1.000000000000000000e+00
6.731462925851702721e+02 1.000000000000000000e+00
6.751503006012023889e+02 1.000000000000000000e+00
6.771543086172343919e+02 1.000000000000000000e+00
6.791583166332665087e+02 1.000000000000000000e+00
6.811623246492985118e+02 1.000000000000000000e+00
6.831663326653306285e+02 1.000000000000000000e+00
6.851703406813626316e+02 1.000000000000000000e+00
6.871743486973947483e+02 1.000000000000000000e+00
6.891783567134267514e+02 1.000000000000000000e+00
6.911823647294588682e+02 1.000000000000000000e+00
6.931863727454908712e+02 1.000000000000000000e+00
6.951903807615229880e+02 1.000000000000000000e+00
6.971943887775549911e+02 1.000000000000000000e+00
6.991983967935871078e+02 1.000000000000000000e+00
7.012024048096192246e+02 1.000000000000000000e+00
7.032064128256512276e+02 1.000000000000000000e+00
7.052104208416833444e+02 1.000000000000000000e+00
7.072144288577153475e+02 1.000000000000000000e+00
7.092184368737474642e+02 1.000000000000000000e+00
7.112224448897794673e+02 1.000000000000000000e+00
7.132264529058115841e+02 1.000000000000000000e+00
7.152304609218435871e+02 1.000000000000000000e+00
7.172344689378757039e+02 1.000000000000000000e+00
7.192384769539077070e+02 1.000000000000000000e+00
7.212424849699398237e+02 1.000000000000000000e+00
7.232464929859718268e+02 1.000000000000000000e+00
7.252505010020039435e+02 1.000000000000000000e+00
7.272545090180360603e+02 1.000000000000000000e+00
7.292585170340680634e+02 1.000000000000000000e+00
7.312625250501001801e+02 1.000000000000000000e+00
7.332665330661321832e+02 1.000000000000000000e+00
7.352705410821643000e+02 1.000000000000000000e+00
7.372745490981963030e+02 1.000000000000000000e+00
7.392785571142284198e+02 1.000000000000000000e+00
7.412825651302604228e+02 1.000000000000000000e+00
7.432865731462925396e+02 1.000000000000000000e+00
7.452905811623245427e+02 1.000000000000000000e+00
7.472945891783566594e+02 1.000000000000000000e+00
7.492985971943886625e+02 1.000000000000000000e+00
7.513026052104207793e+02 1.000000000000000000e+00
7.533066132264527823e+02 1.000000000000000000e+00
7.553106212424848991e+02 1.000000000000000000e+00
7.573146292585170158e+02 1.000000000000000000e+00
7.593186372745490189e+02 1.000000000000000000e+00
7.613226452905811357e+02 1.000000000000000000e+00
7.633266533066131387e+02 1.000000000000000000e+00
7.653306613226452555e+02 1.000000000000000000e+00
7.673346693386772586e+02 1.000000000000000000e+00
7.693386773547093753e+02 1.000000000000000000e+00
7.713426853707413784e+02 1.000000000000000000e+00
7.733466933867734951e+02 1.000000000000000000e+00
7.753507014028054982e+02 1.000000000000000000e+00
7.773547094188376150e+02 1.000000000000000000e+00
7.793587174348696180e+02 1.000000000000000000e+00
7.813627254509017348e+02 1.000000000000000000e+00
7.833667334669337379e+02 1.000000000000000000e+00
7.853707414829658546e+02 1.000000000000000000e+00
7.873747494989979714e+02 1.000000000000000000e+00
7.893787575150299745e+02 1.000000000000000000e+00
7.913827655310620912e+02 1.000000000000000000e+00
7.933867735470940943e+02 1.000000000000000000e+00
7.953907815631262110e+02 1.000000000000000000e+00
7.973947895791582141e+02 1.000000000000000000e+00
7.993987975951903309e+02 1.000000000000000000e+00
8.014028056112223339e+02 1.000000000000000000e+00
8.034068136272544507e+02 1.000000000000000000e+00
8.054108216432864538e+02 1.000000000000000000e+00
8.074148296593185705e+02 1.000000000000000000e+00
8.094188376753505736e+02 1.000000000000000000e+00
8.114228456913826903e+02 1.000000000000000000e+00
8.134268537074148071e+02 1.000000000000000000e+00
8.154308617234468102e+02 1.000000000000000000e+00
8.174348697394789269e+02 1.000000000000000000e+00
8.194388777555109300e+02 1.000000000000000000e+00
8.214428857715430468e+02 1.000000000000000000e+00
8.234468937875750498e+02 1.000000000000000000e+00
8.254509018036071666e+02 1.000000000000000000e+00
8.274549098196391697e+02 1.000000000000000000e+00
8.294589178356712864e+02 1.000000000000000000e+00
8.314629258517032895e+02 1.000000000000000000e+00
8.334669338677354062e+02 1.000000000000000000e+00
8.354709418837674093e+02 1.000000000000000000e+00
8.374749498997995261e+02 1.000000000000000000e+00
8.394789579158315291e+02 1.000000000000000000e+00
8.414829659318636459e+02 1.000000000000000000e+00
8.434869739478957626e+02 1.000000000000000000e+00
8.454909819639277657e+02 1.000000000000000000e+00
8.474949899799598825e+02 1.000000000000000000e+00
8.494989979959918855e+02 1.000000000000000000e+00
8.515030060120240023e+02 1.000000000000000000e+00
8.535070140280560054e+02 1.000000000000000000e+00
8.555110220440881221e+02 1.000000000000000000e+00
8.575150300601201252e+02 1.000000000000000000e+00
8.595190380761522420e+02 1.000000000000000000e+00
8.615230460921842450e+02 1.000000000000000000e+00
8.635270541082163618e+02 1.000000000000000000e+00
8.655310621242483649e+02 1.000000000000000000e+00
8.675350701402804816e+02 1.000000000000000000e+00
8.695390781563125984e+02 1.000000000000000000e+00
8.715430861723446014e+02 1.000000000000000000e+00
8.735470941883767182e+02 1.000000000000000000e+00
8.755511022044087213e+02 1.000000000000000000e+00
8.775551102204408380e+02 1.000000000000000000e+00
8.795591182364728411e+02 1.000000000000000000e+00
8.815631262525049578e+02 1.000000000000000000e+00
8.835671342685369609e+02 1.000000000000000000e+00
8.855711422845690777e+02 1.000000000000000000e+00
8.875751503006010807e+02 1.000000000000000000e+00
8.895791583166331975e+02 1.000000000000000000e+00
8.915831663326652006e+02 1.000000000000000000e+00
8.935871743486973173e+02 1.000000000000000000e+00
8.955911823647293204e+02 1.000000000000000000e+00
8.975951903807614372e+02 1.000000000000000000e+00
8.995991983967935539e+02 1.000000000000000000e+00
9.016032064128255570e+02 1.000000000000000000e+00
9.036072144288576737e+02 1.000000000000000000e+00
9.056112224448896768e+02 1.000000000000000000e+00
9.076152304609217936e+02 1.000000000000000000e+00
9.096192384769537966e+02 1.000000000000000000e+00
9.116232464929859134e+02 1.000000000000000000e+00
9.136272545090179165e+02 1.000000000000000000e+00
9.156312625250500332e+02 1.000000000000000000e+00
9.176352705410820363e+02 1.000000000000000000e+00
9.196392785571141530e+02 1.000000000000000000e+00
9.216432865731461561e+02 1.000000000000000000e+00
9.236472945891782729e+02 1.000000000000000000e+00
9.256513026052102759e+02 1.000000000000000000e+00
9.276553106212423927e+02 1.000000000000000000e+00
9.296593186372745095e+02 1.000000000000000000e+00
9.316633266533065125e+02 1.000000000000000000e+00
9.336673346693386293e+02 1.000000000000000000e+00
9.356713426853706324e+02 1.000000000000000000e+00
9.376753507014027491e+02 1.000000000000000000e+00
9.396793587174347522e+02 1.000000000000000000e+00
9.416833667334668689e+02 1.000000000000000000e+00
9.436873747494988720e+02 1.000000000000000000e+00
9.456913827655309888e+02 1.000000000000000000e+00
9.476953907815629918e+02 1.000000000000000000e+00
9.496993987975951086e+02 1.000000000000000000e+00
9.517034068136271117e+02 1.000000000000000000e+00
9.537074148296592284e+02 1.000000000000000000e+00
9.557114228456913452e+02 1.000000000000000000e+00
9.577154308617233482e+02 1.000000000000000000e+00
9.597194388777554650e+02 1.000000000000000000e+00
9.617234468937874681e+02 1.000000000000000000e+00
9.637274549098195848e+02 1.000000000000000000e+00
9.657314629258515879e+02 1.000000000000000000e+00
9.677354709418837047e+02 1.000000000000000000e+00
9.697394789579157077e+02 1.000000000000000000e+00
9.717434869739478245e+02 1.000000000000000000e+00
9.737474949899798276e+02 1.000000000000000000e+00
9.757515030060119443e+02 1.000000000000000000e+00
9.777555110220439474e+02 1.000000000000000000e+00
9.797595190380760641e+02 1.000000000000000000e+00
9.817635270541080672e+02 1.000000000000000000e+00
9.837675350701401840e+02 1.000000000000000000e+00
9.857715430861723007e+02 1.000000000000000000e+00
9.877755511022043038e+02 1.000000000000000000e+00
9.897795591182364205e+02 1.000000000000000000e+00
9.917835671342684236e+02 1.000000000000000000e+00
9.937875751503005404e+02 1.000000000000000000e+00
9.957915831663325434e+02 1.000000000000000000e+00
9.977955911823646602e+02 1.000000000000000000e+00
9.997995991983966633e+02 1.000000000000000000e+00
1.001803607214428780e+03 1.000000000000000000e+00
1.003807615230460783e+03 1.000000000000000000e+00
1.005811623246492900e+03 1.000000000000000000e+00
1.007815631262524903e+03 1.000000000000000000e+00
1.009819639278557020e+03 1.000000000000000000e+00
1.011823647294589023e+03 1.000000000000000000e+00
1.013827655310621140e+03 1.000000000000000000e+00
1.015831663326653256e+03 1.000000000000000000e+00
1.017835671342685259e+03 1.000000000000000000e+00
1.019839679358717376e+03 1.000000000000000000e+00
1.021843687374749379e+03 1.000000000000000000e+00
1.023847695390781496e+03 1.000000000000000000e+00
1.025851703406813613e+03 1.000000000000000000e+00
1.027855711422845616e+03 1.000000000000000000e+00
1.029859719438877619e+03 1.000000000000000000e+00
1.031863727454909622e+03 1.000000000000000000e+00
1.033867735470941625e+03 1.000000000000000000e+00
1.035871743486973855e+03 1.000000000000000000e+00
1.037875751503005858e+03 1.000000000000000000e+00
1.039879759519038089e+03 1.000000000000000000e+00
1.041883767535070092e+03 1.000000000000000000e+00
1.043887775551102095e+03 1.000000000000000000e+00
1.045891783567134098e+03 1.000000000000000000e+00
1.047895791583166101e+03 1.000000000000000000e+00
1.049899799599198332e+03 1.000000000000000000e+00
1.051903807615230335e+03 1.000000000000000000e+00
1.053907815631262565e+03 1.000000000000000000e+00
1.055911823647294568e+03 1.000000000000000000e+00
1.057915831663326571e+03 1.000000000000000000e+00
1.059919839679358574e+03 1.000000000000000000e+00
1.061923847695390577e+03 1.000000000000000000e+00
1.063927855711422580e+03 1.000000000000000000e+00
1.065931863727454811e+03 1.000000000000000000e+00
1.067935871743486814e+03 1.000000000000000000e+00
1.069939879759519044e+03 1.000000000000000000e+00
1.071943887775551048e+03 1.000000000000000000e+00
1.073947895791583051e+03 1.000000000000000000e+00
1.075951903807615054e+03 1.000000000000000000e+00
1.077955911823647057e+03 1.000000000000000000e+00
1.079959919839679287e+03 1.000000000000000000e+00
1.081963927855711290e+03 1.000000000000000000e+00
1.083967935871743521e+03 1.000000000000000000e+00
1.085971943887775524e+03 1.000000000000000000e+00
1.087975951903807527e+03 1.000000000000000000e+00
1.089979959919839530e+03 1.000000000000000000e+00
1.091983967935871533e+03 1.000000000000000000e+00
1.093987975951903536e+03 1.000000000000000000e+00
1.095991983967935766e+03 1.000000000000000000e+00
1.097995991983967997e+03 1.000000000000000000e+00
1.100000000000000000e+03 1.000000000000000000e+00
